// Start of new batch

0 0 0 0 0 0 0 0
a8 71 7c 9d 27 2 0 0
0 0 0 0 0 0 0 0
20 4d 63 27 2b 2 0 0
3 0 0 0 4 0 0 0
0 0 0 0 0 0 0 0
47 69 0 0 2b 5b 99 bb

// After HCL Added

0 0 0 0 0 0 0 0
a8 71 7c 9d 27 2 0 0
1 0 0 0 0 0 0 0
20 4d 63 27 2b 2 0 0
3 0 0 0 4 0 0 0
92 2f 0 36 3d 0 0 0
47 69 0 0 2b 5b 99 bb

// After Mu Added

0 0 0 0 0 0 0 0
a8 71 7c 9d 27 2 0 0
2 0 0 0 0 0 0 0
20 4d 63 27 2b 2 0 0
3 0 0 0 4 0 0 0
4 43 0 35 4c 0 0 0
47 69 0 0 2b 5b 99 bb

// After Cs Added

0 0 0 0 0 0 0 0
a8 71 7c 9d 27 2 0 0
3 0 0 0 0 0 0 0
20 4d 63 27 2b 2 0 0
3 0 0 0 4 0 0 0
92 2f 0 ba 4c 0 0 0
47 69 0 0 2b 5b 99 bb

// Start of new batch

0 0 0 0 0 0 0 0
a8 71 7c 9d 27 2 0 0
0 0 0 0 0 0 0 0
20 4d 63 27 2b 2 0 0
3 0 0 0 4 0 0 0
0 0 0 0 0 0 0 0
47 69 0 0 65 b7 c8 8f

// After HCL Added

0 0 0 0 0 0 0 0
a8 71 7c 9d 27 2 0 0
1 0 0 0 0 0 0 0
20 4d 63 27 2b 2 0 0
3 0 0 0 4 0 0 0
e3 23 0 11 4d 0 0 0
47 69 0 0 65 b7 c8 8f

// New Heist

0 ff 0 0 0 0 0 0
88 68 53 5e 2a 2 0 0
0 0 0 0 0 0 0 0
e0 10 17 ef 2a 2 0 0
3 0 0 0 4 0 0 0
0 0 0 0 0 0 0 0
af 8 0 0 c9 44 dd 13


0 0 0 0 0 0 0 0
88 68 53 5e 2a 2 0 0
1 0 0 0 0 0 0 0
e0 10 17 ef 2a 2 0 0
3 0 0 0 4 0 0 0
35 55 0 af 63 0 0 0
af 8 0 0 c9 44 dd 13

0 0 0 0 0 0 0 0
88 68 53 5e 2a 2 0 0
1 0 0 0 0 0 0 0
e0 10 17 ef 2a 2 0 0
3 0 0 0 4 0 0 0
35 55 0 af 63 0 0 0
af 8 0 0 c9 44 dd 13


0 0 0 0 0 0 0 0
88 68 53 5e 2a 2 0 0
2 0 0 0 0 0 0 0
e0 10 17 ef 2a 2 0 0
3 0 0 0 4 0 0 0
ef 54 0 29 6b 0 0 0
af 8 0 0 c9 44 dd 13

200000001 - 231
200000000 - 132
100000002 - 321
100000000 - 123
1 - 213
2 - 312

